0.843718	0.204474
0.793413	0.245903
0.784658	0.262285
0.763109	0.274798
0.594170	0.337835
0.695068	0.300483
0.727277	0.285207
0.781232	0.256609
0.844671	0.201767
0.816063	0.229673
0.811772	0.235617
0.763923	0.259486
0.763232	0.270424
0.779550	0.260404
0.753018	0.281092
0.677922	0.289796
0.795585	0.241444
0.788317	0.253721
0.705196	0.284650
0.745989	0.286576
0.784010	0.251059
0.775117	0.261802
0.758572	0.277296
0.692540	0.291732
0.750626	0.279546
0.770423	0.260676
0.789649	0.252405
0.745991	0.267216
0.812048	0.230388
0.762044	0.274414
0.755764	0.276572
0.820974	0.221172
0.698624	0.294333
0.798613	0.246589
0.711842	0.295493
0.823580	0.227802
0.843489	0.195196
0.801081	0.239044
0.804921	0.238413
0.773918	0.266973
0.743893	0.284931
0.673234	0.297128
0.815502	0.223275
0.859518	0.195412
0.847063	0.191896
0.713126	0.291922
0.742711	0.274404
0.769489	0.263771
0.788357	0.251519
0.770797	0.263607
0.731697	0.267522
0.825968	0.213256
0.766463	0.267225
0.735273	0.284831
0.726018	0.288231
0.810613	0.231550
0.777973	0.264072
0.699215	0.296852
0.656670	0.293701
0.740935	0.294927
0.747340	0.289646
0.913055	0.129232
0.728625	0.280270
0.802932	0.235619
0.758086	0.267766
0.804839	0.249904
0.766401	0.268624
0.780431	0.259842
0.773690	0.266462
0.664326	0.295041
0.806773	0.242151
0.864364	0.186501
0.794950	0.244613
0.721767	0.294100
0.801428	0.244063
0.747477	0.284558
0.670737	0.295137
0.725568	0.284776
0.759530	0.264306
0.710050	0.300415
0.804805	0.222136
0.820309	0.216803
0.766292	0.254278
0.698020	0.296984
0.798648	0.237849
0.781554	0.256414
0.585495	0.341652
0.772556	0.263138
0.752329	0.282702
0.767358	0.264877
0.776209	0.262292
0.715869	0.292325
0.746343	0.280108
0.694043	0.302265
0.766989	0.270934
0.677952	0.303946
0.764998	0.264812
0.702541	0.289408
0.798517	0.245854
0.692417	0.302397
0.762944	0.277194
0.702406	0.299123
0.610552	0.330604
0.740280	0.278695
0.832025	0.219309
0.806968	0.236372
0.773065	0.272796
0.797029	0.240116
0.771075	0.269062
0.794341	0.253039
0.820601	0.222707
0.836434	0.210100
0.823987	0.221248
0.704117	0.299556
0.714200	0.305614
0.852858	0.188963
0.783023	0.250940
0.732232	0.273131
0.765005	0.255411
0.830172	0.211109
0.854786	0.196754
0.677526	0.312270
0.773724	0.255789
0.739199	0.288570
0.538735	0.340658
0.787113	0.257509
0.748880	0.274024
0.781438	0.254083
0.595192	0.304746
0.804762	0.242100
0.733563	0.288580
0.799622	0.238171
0.743848	0.272348
0.778638	0.251563
0.763564	0.271979
0.788476	0.247023
0.719513	0.287154
0.709779	0.300834
0.750955	0.282803
0.719240	0.287548
0.746168	0.265077
0.703668	0.305632
0.839396	0.204601
0.786265	0.246493
0.829331	0.218589
0.773682	0.263791
0.774034	0.252062
0.806187	0.237647
0.807643	0.244302
0.797651	0.237354
0.760999	0.268420
0.778229	0.255184
0.799945	0.239828
0.795121	0.252862
0.776282	0.268870
0.784628	0.244442
0.748042	0.269646
0.721547	0.274750
0.784569	0.262032
0.771699	0.262286
0.778078	0.259423
0.773677	0.264856
0.789094	0.248459
0.785770	0.258044
0.780743	0.260657
0.769734	0.261681
0.798399	0.250110
0.714876	0.296349
0.753484	0.273474
0.782318	0.260496
0.755432	0.266506
0.742564	0.287546
0.759277	0.276437
0.755430	0.267745
0.740006	0.278474
0.710049	0.284599
0.793557	0.245633
0.733875	0.291857
0.759113	0.275189
0.762593	0.271127
0.758645	0.272244
0.782104	0.257291
0.800099	0.242603
0.531599	0.312509
0.786560	0.260003
0.784044	0.254930
0.725087	0.286667
0.800770	0.244381
0.736704	0.289731
0.673592	0.305451
0.762024	0.269964
0.772403	0.263659
0.781732	0.254195
0.661980	0.317280
0.785947	0.253000
0.687825	0.304434
0.792571	0.248483
0.712176	0.297699
0.764463	0.257537
0.784650	0.250807
0.727251	0.283739
0.805949	0.244515
0.710283	0.292640
0.772918	0.261721
0.769827	0.260958
0.720566	0.293004
0.838737	0.210246
0.730307	0.287378
0.797002	0.249584
0.724131	0.277414
0.752503	0.261078
0.771353	0.261621
0.732905	0.285582
0.784556	0.255415
0.797958	0.244039
0.634857	0.269579
0.738618	0.275005
0.825572	0.206213
0.721784	0.294968
0.802288	0.214714
0.774210	0.253064
0.825119	0.218428
0.744414	0.278643
0.732243	0.281269
0.769422	0.253765
0.811499	0.237055
0.707935	0.294100
0.714948	0.280440
0.766805	0.260130
0.852966	0.195527
0.788919	0.258621
0.739516	0.273588
0.779979	0.264422
0.754436	0.280871
0.778791	0.261618
0.769634	0.271181
0.767460	0.266271
0.748271	0.281041
0.765296	0.275479
0.748925	0.282700
0.763654	0.267647
0.779072	0.262846
0.765633	0.271069
0.794647	0.242167
0.768369	0.260767
0.809816	0.241533
0.829131	0.213205
0.735727	0.291758
0.776380	0.264631
0.745735	0.281311
0.785578	0.253990
0.808817	0.236875
0.729504	0.291420
0.771571	0.264836
0.728862	0.301306
0.771833	0.262695
0.783346	0.261158
0.857787	0.194061
0.726498	0.293233
0.756633	0.277489
0.757734	0.272767
0.808762	0.221975
0.753703	0.281121
0.749262	0.283131
0.759503	0.282941
0.786836	0.256447
0.783143	0.255741
0.795963	0.249123
0.759887	0.274739
0.783133	0.261987
0.801038	0.249489
0.756302	0.282300
0.779164	0.268057
0.805315	0.246896
0.756515	0.278677
0.805517	0.245784
0.727238	0.279804
0.744865	0.287005
0.783253	0.272274
0.798650	0.248440
0.789505	0.258531
0.859305	0.194670
0.744003	0.285202
0.786636	0.256739
0.759938	0.281553
0.801031	0.248516
0.790156	0.253543
0.737856	0.291636
0.749682	0.283235
0.789767	0.239572
0.808315	0.244579
0.760903	0.278836
0.804345	0.245679
0.757153	0.285499
0.826553	0.221378
0.771064	0.269086
0.773971	0.268001
0.773502	0.269177
0.748696	0.287016
0.737294	0.280105
0.768926	0.261908
0.647772	0.288523
0.753315	0.269423
0.795302	0.241593
0.704294	0.292183
0.758368	0.278805
0.760946	0.269619
0.749823	0.277771
0.781914	0.253268
0.745834	0.280825
0.713909	0.285374
0.776705	0.259649
0.818737	0.234814
0.796183	0.243086
0.767163	0.268659
0.778928	0.254874
0.773879	0.264204
0.858391	0.199717
0.804606	0.246958
0.846495	0.203763
0.774054	0.256393
0.741700	0.278783
0.778391	0.263027
0.928051	0.103233
0.833302	0.211255
0.835503	0.209431
0.865384	0.171221
0.818125	0.238431
0.913108	0.120192
0.827413	0.217065
0.776881	0.248737
0.906773	0.128276
0.823973	0.215072
0.814119	0.229616
0.753255	0.268060
0.715944	0.289328
0.666267	0.308165
0.821291	0.209039
0.824002	0.229007
0.745866	0.280853
0.825469	0.224351
0.857210	0.191823
0.770407	0.262996
0.810993	0.219964
0.835494	0.216100
0.852323	0.200853
0.811983	0.228478
0.792037	0.253856
0.697794	0.298499
0.740413	0.277164
0.814169	0.232071
0.812244	0.239076
0.679550	0.320696
0.767053	0.264017
0.370936	0.279596
0.787028	0.255299
0.742513	0.279288
0.748757	0.280203
0.789677	0.253532
0.798512	0.245003
0.804160	0.240519
0.774316	0.262898
0.787009	0.256637
0.808307	0.241497
0.797756	0.252689
0.788216	0.259797
0.825889	0.223395
0.785518	0.256447
0.775526	0.260059
0.810528	0.232048
0.803862	0.242422
0.693763	0.283019
0.775289	0.253528
0.694859	0.305939
0.770234	0.270874
0.834292	0.213949
0.707287	0.297402
0.786586	0.255388
0.743121	0.290301
0.732502	0.295839
0.736740	0.292823
0.764302	0.271260
0.647833	0.299537
0.763282	0.272866
0.754052	0.285025
0.815409	0.233971
0.795758	0.255722
0.774189	0.266296
0.692315	0.282487
0.728947	0.294118
0.735754	0.296318
0.711302	0.303302
0.767087	0.275596
0.759753	0.277168
0.796864	0.243918
0.792026	0.258736
0.834500	0.224013
0.763299	0.268265
0.768024	0.273199
0.762883	0.277184
0.730360	0.294170
0.763701	0.276458
0.758196	0.284089
0.795160	0.244675
0.735277	0.282169
0.751864	0.281396
0.726985	0.286153
0.740076	0.285750
0.788657	0.250174
0.685720	0.305304
0.716462	0.277761
0.743508	0.278792
0.738038	0.275746
0.738988	0.279565
0.784919	0.262225
0.783435	0.257253
0.787023	0.255315
0.792706	0.246355
0.768108	0.266112
0.818678	0.229065
0.830009	0.218249
0.742305	0.280046
0.843953	0.205268
0.770378	0.262512
0.801356	0.245620
0.768103	0.267653
0.775674	0.262898
0.704077	0.296599
0.659009	0.294182
0.775355	0.262151
0.608753	0.299343
0.761006	0.264023
0.795717	0.254117
0.762658	0.271112
0.767574	0.273018
0.751279	0.283133
0.712222	0.300016
0.721991	0.286899
0.758032	0.276283
0.777070	0.256137
0.844654	0.203561
0.744702	0.279538
0.693696	0.297030
0.811838	0.239055
0.827983	0.222823
0.795142	0.250161
0.809827	0.236793
0.819777	0.226156
0.804866	0.240388
0.745921	0.279312
0.704735	0.293771
0.774683	0.268042
0.692336	0.276707
0.752934	0.281297
0.836033	0.211324
0.808716	0.236164
0.857792	0.192844
0.822349	0.227007
0.759361	0.278295
0.846282	0.204726
0.861294	0.191547
0.727294	0.280642
0.744532	0.285191
0.726027	0.298531
0.785410	0.254297
0.746595	0.289628
0.813242	0.236122
0.768719	0.262723
0.766291	0.273504
0.748801	0.286569
0.806646	0.242860
0.755328	0.283200
0.879176	0.170962
0.799916	0.245722
0.757589	0.273777
0.755554	0.281054
0.817529	0.233634
0.758290	0.277240
0.811717	0.239670
0.821787	0.231603
0.728255	0.288366
0.773940	0.268655
0.821957	0.232995
0.796529	0.251215
0.802726	0.246844
0.731405	0.297189
0.623779	0.293451
0.800494	0.247287
0.800720	0.247160
0.786548	0.260620
0.795988	0.250190
0.727589	0.295402
0.923558	0.119093
0.817747	0.236292
0.807641	0.243119
0.762855	0.269249
0.815568	0.235456
0.776470	0.264730
0.735715	0.288832
0.803088	0.236159
0.642008	0.320225
0.746688	0.267657
0.831763	0.204672
0.787273	0.229699
0.894025	0.141058
0.788999	0.240585
0.756764	0.274094
0.776661	0.263194
0.744760	0.270435
0.792449	0.244903
0.754542	0.274413
0.758964	0.267359
0.796916	0.239916
0.779931	0.261896
0.775690	0.262226
0.789239	0.250903
0.771947	0.265012
0.801090	0.228427
0.788012	0.249463
0.809680	0.241144
0.761496	0.280016
0.807384	0.237975
0.846724	0.192887
0.813374	0.235927
0.764852	0.274314
0.793297	0.248634
0.793131	0.249053
0.884416	0.166156
0.776344	0.257238
0.689775	0.314165
0.671723	0.318525
0.701409	0.306670
0.778582	0.256401
0.708002	0.306607
0.697084	0.305464
0.774594	0.267356
0.811724	0.226758
0.809535	0.234655
0.828490	0.216578
0.689732	0.314055
0.671521	0.309661
0.851660	0.194767
0.769778	0.260087
0.666653	0.320498
0.752269	0.275052
0.779282	0.255642
0.721748	0.299164
0.757861	0.286695
0.753884	0.285763
0.805930	0.241809
0.803110	0.241214
0.847513	0.201517
0.797378	0.248705
0.724440	0.292278
0.784434	0.260463
0.721503	0.286480
0.807746	0.231940
0.800006	0.245578
0.773096	0.258009
0.736438	0.289554
0.819476	0.227738
0.764673	0.264455
0.775166	0.235523
0.761559	0.272330
0.755148	0.271087
0.740127	0.281498
0.754239	0.280199
0.737978	0.279917
0.806609	0.234394
0.890084	0.161767
0.742251	0.286621
0.867620	0.185641
0.804566	0.246622
0.758716	0.287261
0.775838	0.262663
0.792461	0.247947
0.735151	0.284174
0.845407	0.202373
0.824840	0.219327
0.805385	0.236965
0.778210	0.242482
0.814714	0.232814
0.808012	0.236371
0.774804	0.259343
0.748213	0.273914
0.793848	0.244762
0.783784	0.253413
0.819631	0.227528
0.824538	0.226959
0.768858	0.265960
0.759322	0.271029
0.801536	0.242506
0.747272	0.266117
0.751201	0.280227
0.777904	0.260729
0.789196	0.249372
0.752524	0.276950
0.737998	0.287595
0.727411	0.290366
0.749564	0.280507
0.685827	0.312340
0.793614	0.245188
0.763905	0.269129
0.742218	0.273344
0.773153	0.265188
0.791758	0.245329
0.846720	0.195820
0.824234	0.225789
0.803749	0.237726
0.822225	0.223847
0.797154	0.250510
0.764992	0.261943
0.804803	0.230558
0.733587	0.272287
0.802752	0.238192
0.808848	0.225923
0.822723	0.223206
0.721203	0.297044
0.768674	0.259413
0.752343	0.283720
0.773387	0.253693
0.874481	0.168408
0.825069	0.222969
0.770710	0.265139
0.786845	0.252645
0.785336	0.257660
0.758531	0.268833
0.820174	0.227952
0.745389	0.276106
0.787830	0.247343
0.772087	0.270960
0.795675	0.247257
0.746903	0.277522
0.717096	0.294320
0.698154	0.285561
0.795220	0.248423
0.721765	0.281041
0.780230	0.259453
0.704967	0.297094
0.697619	0.290834
0.763159	0.269897
0.780085	0.253274
0.742993	0.289711
0.826309	0.220586
0.777453	0.267216
0.746041	0.272478
0.776972	0.246490
0.752032	0.282901
0.753088	0.273830
0.832885	0.221124
0.662674	0.315355
0.787825	0.250870
0.700420	0.279867
0.685046	0.296229
0.733225	0.280788
0.721686	0.290733
0.760688	0.259885
0.752700	0.270373
0.780492	0.254629
0.753120	0.267350
0.717337	0.292537
0.721256	0.291978
0.740063	0.257715
0.750412	0.279028
0.742909	0.286270
0.744842	0.279371
0.776129	0.267883
0.796368	0.254531
0.732701	0.282913
0.722263	0.288623
0.736123	0.276938
0.772428	0.273375
0.806518	0.245791
0.777829	0.263927
0.753992	0.273214
0.765125	0.278250
0.704720	0.291618
0.743175	0.287625
0.798118	0.240263
0.748599	0.278319
0.587887	0.311426
0.745931	0.264030
0.785647	0.253239
0.794413	0.247761
0.768177	0.253862
0.785507	0.242720
0.794759	0.241479
0.796359	0.251449
0.791735	0.259532
0.784953	0.255321
0.786095	0.264192
0.781894	0.266101
0.786213	0.258394
0.772577	0.278961
0.775163	0.262019
0.708190	0.292757
0.776096	0.263052
0.797502	0.244204
0.722251	0.290406
0.773981	0.263837
0.718534	0.306830
0.703499	0.295957
0.735538	0.285025
0.808168	0.240375
0.766861	0.264696
0.746415	0.281778
0.730661	0.295674
0.786391	0.246286
0.779932	0.262739
0.763379	0.270016
0.723956	0.285219
0.753914	0.275005
0.699197	0.291422
0.758450	0.271408
0.831679	0.224353
0.740347	0.279462
0.759396	0.262255
0.775926	0.262192
0.753714	0.268469
0.841673	0.205128
0.817355	0.234286
0.881250	0.171346
0.603121	0.308705
0.706541	0.293932
0.722060	0.293586
0.810329	0.242501
0.782754	0.253497
0.773491	0.268270
0.768203	0.266699
0.745357	0.287043
0.726596	0.289216
0.787173	0.253848
0.800621	0.235173
0.802458	0.241010
0.760118	0.270363
0.780383	0.259647
0.708886	0.301448
0.760135	0.264481
0.732440	0.270723
0.786478	0.239963
0.756722	0.265438
0.823294	0.227081
0.682038	0.299757
0.730941	0.293458
0.781756	0.253759
0.743941	0.275698
0.773651	0.255503
0.700199	0.298587
0.816977	0.229204
0.769485	0.269626
0.813606	0.231825
0.768757	0.267045
0.796743	0.245275
0.753344	0.276544
0.808813	0.245718
0.753841	0.250808
0.751678	0.276588
0.769022	0.268343
0.724517	0.298740
0.758131	0.271167
0.782213	0.258142
0.769723	0.266338
0.722480	0.284705
0.778897	0.261838
0.752882	0.273122
0.808186	0.236442
0.762972	0.264781
0.743142	0.275975
0.689493	0.295727
0.732589	0.281960
0.885861	0.157942
0.739075	0.286576
0.762584	0.267747
0.700042	0.287603
0.774894	0.264129
0.779443	0.255079
0.788053	0.253947
0.790551	0.242201
0.739545	0.279833
0.770924	0.266010
0.764492	0.270101
0.756713	0.276896
0.794175	0.243911
0.760459	0.265223
0.785472	0.250901
0.712915	0.296358
0.810924	0.235461
0.762228	0.275008
0.754308	0.275197
0.770668	0.262057
0.794825	0.243941
0.773902	0.259330
0.771229	0.259611
0.785574	0.251771
0.802429	0.245521
0.746724	0.285141
0.773427	0.271534
0.722776	0.288645
0.744763	0.288655
0.754061	0.282396
0.785710	0.271366
0.757762	0.272705
0.755063	0.283537
0.737544	0.283175
0.810363	0.240505
0.783016	0.256471
0.788897	0.253170
0.747387	0.272996
0.772106	0.264738
0.770570	0.257324
0.750015	0.270889
0.751735	0.271255
0.600942	0.318799
0.806789	0.236727
0.841904	0.205317
0.730097	0.278064
0.799373	0.248810
0.630568	0.330524
0.801450	0.249331
0.743248	0.282114
0.852791	0.204350
0.772078	0.261598
0.782163	0.255436
0.548947	0.293295
0.718473	0.302109
0.701678	0.298852
0.819162	0.224932
0.791685	0.255611
0.738953	0.293356
0.795092	0.250599
0.705550	0.291818
0.751784	0.280445
0.719457	0.295967
0.766742	0.281474
0.773990	0.269329
0.694369	0.294870
0.700093	0.293296
0.733862	0.282295
0.775921	0.266031
0.761522	0.255176
0.776314	0.245938
0.764148	0.284113
0.727685	0.289581
0.788827	0.252863
